0
0.501187
1.0004
1.49569
1.9851
2.46672
2.93864
3.39901
3.84604
4.27795
4.69306
5.08973
5.4664
5.8216
6.15392
6.46207
6.74483
7.0011
7.22986
7.43021
7.60138
7.74268
7.85356
7.93359
7.98245
7.99995
7.98602
7.94072
7.86422
7.75682
7.61895
7.45115
7.25407
7.0285
6.77531
6.4955
6.19018
5.86054
5.50787
5.13356
4.73909
4.326
3.89591
3.45052
2.99157
2.52087
2.04026
1.55164
1.05692
0.558052
0.0569899
-0.444296
-0.943836
-1.43967
-1.92984
-2.41244
-2.88556
-3.34734
-3.79597
-4.22968
-4.64678
-5.04563
-5.42465
-5.78236
-6.11735
-6.42831
-6.71402
-6.97334
-7.20528
-7.4089
-7.58342
-7.72814
-7.84251
-7.92606
-7.97847
-7.99954
-7.98918
-7.94744
-7.87447
-7.77057
-7.63613
-7.4717
-7.27792
-7.05554
-6.80544
-6.52861
-6.22612
-5.89918
-5.54906
-5.17714
-4.78488
-4.37383
-3.94559
-3.50185
-3.04435
-2.57489
-2.09531
-1.60751
-1.11338
-0.614889
-0.113977
0.387383
0.88722
1.38357
1.87449
2.35804
2.83233
3.29549
3.7457
4.1812
4.60028
5.00127
5.38262
5.74283
6.08047
6.39423
6.68286
6.94524
7.18033
7.38721
7.56508
7.71322
7.83106
7.91813
7.97409
7.99873
7.99194
7.95376
7.88433
7.78392
7.65293
7.49188
7.30139
7.08222
6.83523
6.56138
6.26175
5.93753
5.58997
5.22046
4.83044
4.42143
3.99506
3.553
3.09697
2.62878
2.15026
1.66329
1.16979
0.671694
0.170958
-0.33045
-0.83056
-1.32741
-1.81904
-2.30352
-2.77896
-3.24348
-3.69525
-4.13251
-4.55353
-4.95667
-5.34033
-5.70301
-6.04328
-6.35981
-6.65136
-6.91678
-7.15502
-7.36515
-7.54635
-7.6979
-7.81921
-7.9098
-7.96931
-7.99751
-7.9943
-7.95968
-7.89378
-7.79688
-7.66934
-7.51168
-7.3245
-7.10855
-6.86467
-6.59382
-6.29706
-5.97557
-5.6306
-5.26351
-4.87574
-4.46882
-4.04434
-3.60397
-3.14944
-2.68254
-2.2051
-1.719
-1.22614
-0.728466
-0.227931
0.2735
0.773857
1.27117
1.76349
2.24889
2.72545
3.1913
3.64461
4.08361
4.50656
4.91181
5.29776
5.6629
6.00579
6.32508
6.61953
6.88797
7.12935
7.34272
7.52724
7.68219
7.80696
7.90106
7.96412
7.99589
7.99625
7.96519
7.90284
7.80944
7.68536
7.53109
7.34723
7.13451
6.89376
6.62592
6.33205
6.01331
5.67094
5.30629
4.9208
4.51597
4.09341
3.65476
3.20175
2.73616
2.25983
1.77461
1.28242
0.785201
0.284891
-0.216537
-0.717114
-1.21487
-1.70786
-2.19414
-2.6718
-3.13896
-3.59379
-4.0345
-4.45936
-4.8667
-5.25492
-5.6225
-5.96798
-6.29003
-6.58736
-6.85881
-7.10331
-7.31991
-7.50775
-7.66609
-7.79432
-7.89192
-7.95853
-7.99386
-7.99779
-7.9703
-7.91149
-7.82161
-7.70099
-7.55013
-7.36959
-7.16011
-6.9225
-6.65769
-6.36672
-6.05074
-5.71099
-5.34881
-4.96561
-4.5629
-4.14227
-3.70536
-3.25389
-2.78964
-2.31444
-1.83014
-1.33865
-0.841895
-0.341838
0.159562
0.660336
1.15852
1.65214
2.13928
2.61801
3.08646
3.54278
3.98518
4.41193
4.82134
5.21182
5.58181
5.92988
6.25465
6.55485
6.8293
7.07691
7.29673
7.48787
7.6496
7.78128
7.88239
7.95253
7.99143
7.99893
7.975
7.91975
7.83338
7.71623
7.56878
7.39158
7.18535
6.95089
6.68912
6.40107
6.08787
5.75076
5.39105
5.01017
4.6096
4.19092
3.75577
3.30587
2.84299
2.36893
1.88557
1.3948
0.898547
0.398767
-0.10258
-0.603524
-1.1021
-1.59634
-2.08431
-2.56409
-3.0338
-3.49159
-3.93567
-4.36428
-4.77574
-5.16845
-5.54085
-5.89148
-6.21896
-6.52201
-6.79944
-7.05016
-7.27318
-7.46762
-7.63273
-7.76785
-7.87245
-7.94613
-7.98858
-7.99966
-7.9793
-7.9276
-7.84475
-7.73108
-7.58704
-7.41319
-7.21022
-6.97892
-6.72021
-6.43509
-6.12469
-5.79023
-5.43302
-5.05447
-4.65606
-4.23935
-3.806
-3.35769
-2.89618
-2.4233
-1.9409
-1.45088
-0.955154
-0.455676
0.045592
0.546681
1.04562
1.54046
2.02924
2.51005
2.98099
3.44023
3.88595
4.31641
4.7299
5.12482
5.4996
5.85277
6.18295
6.48884
6.76924
7.02305
7.24926
7.44699
7.61547
7.75402
7.86212
7.93932
7.98534
7.99998
7.9832
7.93505
7.85572
7.74554
7.60492
7.43443
7.23473
7.00661
6.75096
6.46878
6.1612
5.82941
5.47471
5.09851
4.70228
4.28758
3.85603
3.40933
2.94924
2.47756
1.99614
1.50689
1.01171
0.512562
0.0113981
-0.48981
-0.989095
-1.48449
-1.97406
-2.45587
-2.92803
-3.38869
-3.83604
-4.26831
-4.68382
-5.08093
-5.45807
-5.81377
-6.14663
-6.45535
-6.7387
-6.99558
-7.22497
-7.42598
-7.59782
-7.7398
-7.85138
-7.93212
-7.98169
-7.9999
-7.98669
-7.94209
-7.8663
-7.7596
-7.62242
-7.45529
-7.25887
-7.03393
-6.78136
-6.50215
-6.19739
-5.86829
-5.51613
-5.1423
-4.74827
-4.33558
-3.90586
-3.4608
-3.00214
-2.53168
-2.05128
-1.56282
-1.06822
-0.569422
-0.0683876
0.432915
0.932517
1.42846
1.91878
2.40157
2.87492
3.33698
3.78593
4.22
4.6375
5.03678
5.41627
5.77448
6.11
6.42152
6.70781
6.96775
7.20032
7.40459
7.57978
7.72519
7.84025
7.92451
7.97763
7.99941
7.98977
7.94874
7.87647
7.77327
7.63953
7.47577
7.28264
7.0609
6.81143
6.53519
6.23328
5.90687
5.55727
5.18583
4.79401
4.38337
3.9555
3.51209
3.05488
2.58568
2.10631
1.61867
1.12467
0.626252
0.125374
-0.375998
-0.875892
-1.37234
-1.86341
-2.34715
-2.82167
-3.2851
-3.73563
-4.17148
-4.59095
-4.99237
-5.37419
-5.73489
-6.07306
-6.38737
-6.67659
-6.93957
-7.1753
-7.38283
-7.56136
-7.71018
-7.82872
-7.91649
-7.97317
-7.99852
-7.99245
-7.95498
-7.88625
-7.78654
-7.65625
-7.49587
-7.30604
-7.08752
-6.84114
-6.56789
-6.26884
-5.94516
-5.59812
-5.22909
-4.83952
-4.43093
-4.00493
-3.56321
-3.10748
-2.63954
-2.16124
-1.67444
-1.18107
-0.683051
-0.182353
0.319061
0.819222
1.31617
1.80794
2.29261
2.76827
3.23305
3.68514
4.12275
4.54416
4.94772
5.33183
5.69501
6.03581
6.35289
6.64502
6.91104
7.14991
7.36069
7.54256
7.69479
7.81679
7.90808
7.9683
7.99722
7.99472
7.96081
7.89563
7.79942
7.67258
7.51559
7.32908
7.11377
6.87051
6.60026
6.30409
5.98314
5.63869
5.27209
4.88477
4.47827
4.05417
3.61414
3.15991
2.69327
2.21605
1.73013
1.2374
0.739816
0.239324
-0.262109
-0.762511
-1.25992
-1.75238
-2.23795
-2.71473
-3.18084
-3.63446
-4.0738
-4.49714
-4.90281
-5.28921
-5.65484
-5.99825
-6.3181
-6.61312
-6.88216
-7.12417
-7.33818
-7.52337
-7.679
-7.80446
-7.89927
-7.96303
-7.99552
-7.99659
-7.96624
-7.9046
-7.81191
-7.68852
-7.53493
-7.35173
-7.13966
-6.89953
-6.6323
-6.33901
-6.02082
-5.67897
-5.31482
-4.92978
-4.52538
-4.10319
-3.66489
-3.21219
-2.74687
-2.27076
-1.78572
-1.29367
-0.796543
-0.296282
0.205143
0.705762
1.20361
1.69673
2.18318
2.66105
3.12847
3.5836
4.02465
4.44989
4.85765
5.24632
5.61438
5.96039
6.28298
6.58088
6.85293
7.09806
7.3153
7.5038
7.66283
7.79174
7.89005
7.95736
7.99341
7.99805
7.97127
7.91318
7.82399
7.70407
7.55389
7.37402
7.16519
6.9282
6.664
6.37362
6.05819
5.71897
5.35728
4.97454
4.57226
4.15201
3.71546
3.2643
2.80032
2.32534
1.84123
1.34988
0.853229
0.353225
-0.148166
-0.648976
-1.14724
-1.64099
-2.12829
-2.60724
-3.07594
-3.53256
-3.9753
-4.40242
-4.81224
-5.20316
-5.57364
-5.92222
-6.24754
-6.54831
-6.82335
-7.07159
-7.29205
-7.48385
-7.64626
-7.77863
-7.88043
-7.95128
-7.99089
-7.9991
-7.97589
-7.92135
-7.83568
-7.71923
-7.57246
-7.39593
-7.19035
-6.95652
-6.69536
-6.4079
-6.09526
-5.75868
-5.39947
-5.01905
-4.61891
-4.20062
-3.76583
-3.31625
-2.85364
-2.37982
-1.89664
-1.40602
-0.909872
-0.410151
0.0911826
0.592157
1.09081
1.58517
2.0733
2.55329
3.02325
3.48134
3.92574
4.35472
4.7666
5.15974
5.53262
5.88376
6.21178
6.51541
6.79343
7.04476
7.26842
7.46353
7.62931
7.76512
7.87042
7.9448
7.98797
7.99975
7.98011
7.92912
7.84698
7.734
7.59065
7.41747
7.21515
6.98449
6.72638
6.44185
6.13202
5.79809
5.44138
5.0633
4.66532
4.24902
3.81602
3.36803
2.90681
2.43416
1.95196
1.46209
0.966469
0.467055
-0.0341941
-0.535309
-1.03432
-1.52927
-2.01821
-2.49922
-2.97041
-3.42994
-3.87598
-4.3068
-4.72071
-5.11606
-5.49131
-5.845
-6.17571
-6.48217
-6.76316
-7.01758
-7.24443
-7.44282
-7.61197
-7.75121
-7.86
-7.93791
-7.98464
-8
-7.98393
-7.93649
-7.85787
-7.74838
-7.60845
-7.43863
-7.23959
-7.0121
-6.75707
-6.47548
-6.16846
-5.83721
-5.48302
-5.10729
-4.7115
-4.2972
-3.86601
-3.41964
-2.95983
-2.48839
-2.00718
-1.51808
-1.02302
-0.523936
-0.0227961
0.478433
0.977783
1.47329
1.96301
2.44502
2.91742
3.37836
3.82603
4.25867
4.67458
5.07212
5.44973
5.80594
6.13933
6.44861
6.73255
6.99004
7.22007
7.42173
7.59424
7.73691
7.84919
7.93063
7.98091
7.99984
7.98733
7.94345
7.86837
7.76237
7.62587
7.45941
7.26365
7.03936
6.7874
6.50878
6.2046
5.87603
5.52438
5.15103
4.75744
4.34516
3.91581
3.47107
3.0127
2.54249
2.06229
1.574
1.07951
0.58079
0.0797852
-0.421533
-0.921196
-1.41724
-1.90771
-2.39069
-2.86428
-3.32662
-3.77589
-4.21032
-4.62821
-5.02792
-5.40787
-5.76658
-6.10264
-6.41472
-6.70159
-6.96214
-7.19534
-7.40027
-7.57613
-7.72222
-7.83797
-7.92294
-7.97677
-7.99927
-7.99034
-7.95002
-7.87846
-7.77596
-7.6429
-7.47982
-7.28735
-7.06625
-6.8174
-6.54176
-6.24041
-5.91456
-5.56546
-5.1945
-4.80313
-4.3929
-3.9654
-3.52233
-3.06542
-2.59646
-2.11731
-1.62983
-1.13595
-0.637615
-0.13677
0.364612
0.864561
1.36111
1.85232
2.33625
2.811
3.27471
3.72555
4.16175
4.58161
4.98346
5.36574
5.72693
6.06563
6.3805
6.6703
6.9339
7.17025
7.37843
7.55763
7.70714
